1 0 1652545 2
1 0 1000223 1
1 0 1673592 3
1 0 1732661 3
1 0 1752374 1
1 0 1451535 3
1 0 1836313 2
1 0 1770282 2
1 0 1119938 2
1 0 1791150 2
1 0 1448487 3
1 0 1781341 3
1 0 1790209 2
1 0 1736827 2
1 0 1733572 1
1 0 1045237 1
1 0 1737823 2
1 0 1759754 2
1 0 1587830 3
1 0 1814008 1
1 0 1468134 2
1 0 1523803 2
1 0 1664844 3
1 0 1064483 1
1 0 1770326 3
1 0 1732932 2
1 0 1776972 2
1 0 1780336 2
1 0 1770551 2
1 0 1781397 1
1 0 1774639 2
1 0 1801554 2
1 0 1827936 2
1 0 1803364 2
1 0 1772179 2
1 0 1770328 3
1 0 1797573 2
1 0 1797576 2
1 0 1771896 2
1 0 1805309 3
1 0 1801555 2
1 0 1771788 2
1 0 1846397 2
1 0 1836309 2
1 0 1814009 2
1 0 1778908 2
1 0 1791746 2
1 0 1786706 2
1 0 1782057 2
1 0 1783535 2
1 0 1785107 2
1 0 1788247 2
1 0 1795024 2
1 0 1789989 2
1 0 1780507 2
1 0 1793371 2
2 0 1713100 3
2 0 1825890 3
2 0 1821112 2
2 0 1707896 1
2 0 1821368 2
2 0 1711295 2
2 0 1786968 3
2 0 1769206 2
2 0 1736972 3
2 0 1710422 2
2 0 1831257 2
2 0 1833466 3
2 0 1759486 2
2 0 1713264 2
2 0 1720892 3
2 0 1757456 2
2 0 1819091 3
2 0 1823838 2
2 0 1831482 3
2 0 1827423 2
2 0 1852539 4
2 0 1827807 2
2 0 1822951 1
2 0 1819517 3
2 0 1713724 2
2 0 1757644 1
2 0 1824242 2
2 0 1714888 2
2 0 1714714 2
2 0 1713272 3
2 0 1713239 1
2 0 1735067 2
2 0 1736272 2
2 0 1820670 2
2 0 1821517 2
2 0 1819835 2
2 0 1713931 2
2 0 1820841 2
2 0 1827974 2
2 0 1851281 3
2 0 1761830 1
2 0 1739454 2
2 0 1826373 2
2 0 1718042 2
2 0 1825575 2
2 0 1830932 2
2 0 1713247 4
2 0 1723205 2
2 0 1824707 1
2 0 1852525 2
2 0 1764649 2
2 0 1819658 2
2 0 1830091 2
2 0 1759533 2
2 0 1822605 2
2 0 1713723 2
2 0 1849932 2
2 0 1831255 2
2 0 1723108 1
2 0 1733511 3
2 0 1713930 1
2 0 1716157 2
2 0 1779960 2
2 0 1764269 2
2 0 1831455 2
2 0 1747027 2
2 0 1742241 2
2 0 1742234 2
2 0 1740098 2
2 0 1752760 2
2 0 1747199 2
2 0 1713752 1
2 0 1714337 1
2 0 1713929 1
2 0 1852796 2
2 0 1784801 3
2 0 1790081 2
2 0 1851282 2
2 0 1745740 2
2 0 1718275 2
2 0 1716596 1
2 0 1831186 2
2 0 1713642 2
2 0 1739209 2
2 0 1736793 2
2 0 1732867 1
2 0 1714105 2
2 0 1752689 1
2 0 1713241 2
2 0 1745093 1
2 0 1719157 1
2 0 1713192 2
2 0 1728638 2
2 0 1711931 1
2 0 1831195 1
2 0 1855238 1
2 0 1832287 2
2 0 1787871 1
2 0 1713761 2
2 0 1714320 2
2 0 1831173 4
2 0 1718539 1
2 0 1819090 2
2 0 1836754 2
2 0 1770077 2
2 0 1712132 1
2 0 1715484 1
2 0 1713230 1
2 0 1848003 1
2 0 1713779 1
2 0 1713290 1
2 0 1714107 1
2 0 1714806 1
2 0 1826129 1
2 0 1718639 1
2 0 1740070 2
2 0 1713852 2
2 0 1713061 1
2 0 1715786 2
2 0 1713614 2
2 0 1714321 1
2 0 1831433 1
2 0 1832313 1
2 0 1716194 1
2 0 1716190 1
2 0 1739871 2
2 0 1821063 1
2 0 1715777 1
2 0 1713898 1
2 0 1721125 2
2 0 1714577 1
2 0 1852560 4
2 0 1714869 1
2 0 1714157 2
2 0 1713671 1
2 0 1813164 1
2 0 1813189 1
2 0 1853006 2
2 0 1825941 1
2 0 1825952 1
2 0 1631472 2
2 0 1617419 1
2 0 1583591 2
2 0 1687364 4
2 0 1578012 3
2 0 1603019 3
2 0 1590517 2
2 0 1586977 3
2 0 1686682 3
2 0 1523882 4
2 0 1786396 4
2 0 1592074 3
2 0 1529652 2
2 0 1688232 2
2 0 1614917 2
2 0 1687616 4
2 0 1586536 2
2 0 1523637 2
2 0 1547378 2
2 0 1584009 2
2 0 1775512 3
2 0 1619106 2
2 0 1571030 3
2 0 1688233 3
2 0 1688204 3
2 0 1712637 3
2 0 1714792 3
2 0 1775860 2
2 0 1718287 4
2 0 1718240 4
2 0 1619644 2
2 0 1709730 2
2 0 1709711 2
2 0 1690566 2
2 0 1724437 1
2 0 1706293 2
2 0 1689519 2
2 0 1710825 2
2 0 1558227 2
2 0 1708057 2
2 0 1689520 2
2 0 1712131 1
2 0 1706099 2
2 0 1525589 1
2 0 1692737 2
2 0 1612023 3
2 0 1688382 2
2 0 1547215 2
2 0 1524273 3
2 0 1524907 2
2 0 1824416 2
2 0 1826202 1
2 0 1788308 4
2 0 1713280 1
2 0 1710134 2
2 0 1713251 3
2 0 1638546 3
2 0 1723745 2
2 0 1721782 2
2 0 1689912 2
2 0 1685458 3
2 0 1526098 1
2 0 1650333 2
2 0 1603655 2
2 0 1716628 1
2 0 1579246 1
2 0 1712308 1
2 0 1557806 2
2 0 1687103 1
2 0 1618179 2
2 0 1690399 1
2 0 1583633 2
2 0 1564142 1
2 0 1547697 2
2 0 1710133 3
2 0 1524073 1
2 0 1527850 1
2 0 1556890 1
2 0 1552726 1
2 0 1553177 1
2 0 1531027 2
2 0 1683916 1
2 0 1684356 1
2 0 1683507 2
2 0 1711516 2
2 0 1524908 3
2 0 1666242 2
2 0 1524105 1
2 0 1524840 1
2 0 1705898 1
2 0 1685561 2
2 0 1586985 1
2 0 1632389 2
2 0 1619618 2
2 0 1523208 1
2 0 1610231 1
2 0 1683912 1
2 0 1527570 2
2 0 1824964 3
2 0 1675784 2
2 0 1529143 2
2 0 1686943 2
2 0 1685438 1
2 0 1713254 1
2 0 1706225 2
2 0 1524102 1
2 0 1524296 2
2 0 1789250 4
2 0 1713229 1
2 0 1524103 1
2 0 1709594 1
2 0 1709082 1
2 0 1652835 1
2 0 1711515 1
2 0 1525215 2
2 0 1725501 1
2 0 1626146 1
2 0 1548162 1
2 0 1524903 2
2 0 1692491 1
2 0 1642114 1
2 0 1757810 1
2 0 1686945 1
2 0 1688076 2
2 0 1649116 1
2 0 1672485 2
2 0 1729460 1
2 0 1699129 1
2 0 1719318 1
2 0 1687581 2
2 0 1621103 1
2 0 1652616 1
2 0 1643400 2
2 0 1602027 2
2 0 1570455 1
2 0 1686396 2
2 0 1745098 2
2 0 1745155 2
2 0 1740512 2
2 0 1719141 2
2 0 1627721 2
2 0 1684964 1
2 0 1642271 2
2 0 1687347 2
2 0 1650628 1
2 0 1684828 1
2 0 1691725 2
2 0 1720673 2
2 0 1712550 3
2 0 1633562 1
2 0 1533033 2
2 0 1712299 2
2 0 1712334 2
2 0 1706685 1
2 0 1718487 2
2 0 1718486 2
2 0 1631550 2
2 0 1592034 3
2 0 1578110 2
2 0 1530064 1
2 0 1724460 1
2 0 1724476 1
2 0 1554783 1
2 0 1842573 1
2 0 1683685 1
2 0 1554809 2
2 0 1688075 1
2 0 1615064 1
2 0 1795458 1
2 0 1685445 1
2 0 1794280 1
2 0 1772762 1
2 0 1665835 2
2 0 1526320 2
2 0 1678597 1
2 0 1712571 3
2 0 1524070 2
2 0 1835347 2
2 0 1710590 2
2 0 1712309 1
2 0 1524047 2
2 0 1691822 3
2 0 1759101 2
2 0 1663186 1
2 0 1618204 3
2 0 1831160 2
2 0 1765769 1
2 0 1776431 3
2 0 1524308 1
2 0 1824053 1
2 0 1603179 2
2 0 1611866 2
3 0 1737796 4
3 0 1369756 3
3 0 1370535 3
3 0 1369293 3
3 0 1369595 1
3 0 1369350 4
3 0 1370999 2
3 0 1370746 4
3 0 1370567 4
3 0 1741187 4
3 0 1370758 4
3 0 1741002 3
3 0 1366722 1
3 0 1370757 3
3 0 1370745 4
3 0 1374433 3
3 0 1735107 1
3 0 1737777 1
4 0 1485743 4
4 0 1466540 2
4 0 1564858 2
4 0 1568519 2
4 0 1622136 2
4 0 1685703 2
4 0 1832823 2
4 0 1750734 2
4 0 1747243 2
4 0 1611778 2
4 0 1655631 2
4 0 1540261 2
4 0 1832328 2
4 0 1576644 2
4 0 1348794 4
4 0 1220677 4
4 0 1625933 4
4 0 1666586 4
4 0 1620464 4
4 0 1737208 4
4 0 1390205 3
4 0 1389103 3
4 0 1377721 4
4 0 0869540 4
4 0 1392014 2
4 0 1392104 4
4 0 1666697 2
4 0 1485479 4
4 0 1755873 4
4 0 1841537 4
4 0 1654299 4
4 0 1384512 3
4 0 1843896 4
4 0 1771469 4
4 0 1758302 2
4 0 1669091 4
4 0 1487215 4
4 0 1619578 4
4 0 1671772 3
4 0 1395470 4
4 0 1487092 4
4 0 1414576 2
4 0 1580134 4
4 0 1566647 2
4 0 1577721 4
4 0 1565813 2
4 0 1756936 2
4 0 1576822 4
4 0 1666221 4
4 0 1751933 2
5 0 0381167 3
5 0 0386495 4
5 0 0390106 2
5 0 0387866 3
5 0 1283685 4
5 0 1413499 2
5 0 0388470 2
5 0 1107429 2
5 0 1288408 2
5 0 0388016 3
5 0 0383218 1
5 0 0392666 2
5 0 1040363 2
5 0 1852195 1
5 0 0643184 2
5 0 0385486 2
5 0 0986404 2
5 0 0639478 2
5 0 1292634 2
5 0 0383610 2
5 0 0986419 2
5 0 1417775 2
5 0 0389724 2
5 0 0888048 3
5 0 0889201 3
5 0 0391961 3
5 0 0374369 2
5 0 0888035 2
5 0 0889869 1
5 0 0374512 2
5 0 0611487 2
5 0 0386409 2
5 0 0375485 3
5 0 0375634 2
5 0 1100554 3
5 0 0887939 2
5 0 1101993 2
5 0 1100628 2
5 0 1510026 2
5 0 1145154 2
5 0 1154267 2
6 0 1785210 3
6 0 1785220 3
6 0 1785185 3
6 0 1784766 3
6 0 1788268 4
6 0 1783397 3
6 0 1784540 3
6 0 1264965 2
6 0 1783401 3
6 0 1309952 1
6 0 1784229 3
6 0 1750236 1
6 0 1814213 4
6 0 1790073 1
6 0 1785846 3
6 0 1707051 1
6 0 1691048 2
6 0 1696708 2
6 0 1736508 2
6 0 1737387 3
6 0 1753974 3
6 0 1697751 1
6 0 1692753 1
6 0 1786813 3
6 0 1783289 3
6 0 1274785 3
6 0 1783249 2
6 0 1591794 1
6 0 1691841 3
6 0 1788744 4
6 0 1786069 4
6 0 1789385 4
6 0 1732263 4
6 0 1785259 4
6 0 1785203 4
6 0 1784824 3
6 0 1786751 4
6 0 1804061 4
6 0 1785226 4
6 0 1834269 4
6 0 1799023 1
6 0 1784607 3
6 0 1432069 1
6 0 1270435 3
6 0 1627607 3
6 0 1083794 3
6 0 1430050 3
6 0 1245236 2
6 0 1363226 2
6 0 0025747 3
6 0 1582621 3
6 0 1629490 1
6 0 1566779 2
6 0 0835182 3
6 0 1083191 2
6 0 1566747 3
6 0 1714034 1
6 0 1710722 1
6 0 1692751 3
6 0 0037490 3
6 0 1432159 2
6 0 1096273 2
6 0 1716964 1
6 0 1432158 1
6 0 1265695 1
6 0 1693263 1
6 0 1692752 2
6 0 1264969 3
6 0 1692750 2
6 0 1271137 3
6 0 1432349 1
6 0 1265694 3
6 0 1785848 3
6 0 1266462 2
6 0 0836048 2
6 0 1851601 2
6 0 1815933 2
6 0 1736581 2
6 0 1691003 3
6 0 1798560 3
6 0 1783285 4
7 0 0456919 2
7 0 0286156 3
7 0 0398111 3
7 0 0434257 4
7 0 0359673 1
7 0 0417538 2
7 0 0426216 2
7 0 0310746 2
7 0 0360903 2
7 0 0423310 3
7 0 0422394 2
7 0 0456172 3
7 0 0311433 2
7 0 0441390 2
7 0 0503554 1
7 0 0318171 2
7 0 0162053 2
7 0 0294302 3
7 0 0402679 3
7 0 0317537 3
7 0 0357965 1
7 0 0205161 2
7 0 0468464 2
7 0 0322476 2
7 0 0106581 1
7 0 0237513 1
7 0 0329416 2
7 0 0238756 1
7 0 0306282 3
7 0 0300871 1
7 0 0314512 2
7 0 1091964 2
7 0 0326331 2
7 0 0274587 2
7 0 0342688 3
7 0 0305333 2
7 0 0402403 3
7 0 0207499 2
7 0 0415313 3
7 0 0342933 2
7 0 0294753 2
7 0 0317817 2
7 0 0206695 1
7 0 0327780 2
7 0 0302289 1
7 0 0310681 1
7 0 0366030 2
7 0 0326226 1
7 0 0217503 2
7 0 0330212 2
7 0 0331805 2
7 0 0317152 2
7 0 0436397 3
7 0 0277286 2
7 0 0303985 2
7 0 0359442 3
7 0 0362075 2
7 0 0284111 2
7 0 0323350 2
7 0 0306657 2
7 0 0325094 3
7 0 0317784 3
7 0 0012664 1
7 0 0455388 2
7 0 0322697 2
7 0 0276783 2
7 0 0295293 2
7 0 0324602 2
7 0 0423994 2
7 0 0333938 3
7 0 0519905 1
7 0 0336517 1
7 0 0327221 2
7 0 0326791 1
7 0 0322773 2
7 0 0319672 2
7 0 0319978 2
7 0 0417104 2
7 0 0352839 2
7 0 0038602 2
7 0 0319998 1
7 0 0305838 2
7 0 0388806 3
7 0 0322049 2
7 0 0397703 1
7 0 0311052 2
7 0 0312999 3
7 0 0468206 1
7 0 0300282 2
7 0 0072497 2
7 0 0317601 3
7 0 0276405 3
7 0 0402215 2
7 0 0331718 3
7 0 0309398 2
7 0 0308374 2
7 0 0281221 2
7 0 0509350 2
7 0 0286138 2
7 0 0365753 3
7 0 0943016 4
7 0 0277443 3
7 0 0322688 2
7 0 0327133 3
7 0 0354620 2
7 0 0451566 1
7 0 0364055 4
7 0 0643913 1
7 0 0283206 3
7 0 0310548 1
7 0 0350235 2
7 0 0281926 2
7 0 0278108 2
7 0 0238792 2
7 0 0339675 1
7 0 0358836 1
7 0 0674235 1
7 0 0360635 2
7 0 0325521 2
7 0 0328505 2
7 0 0337081 2
7 0 0328727 2
7 0 0309529 2
7 0 1091769 2
7 0 0324156 2
7 0 0294119 2
7 0 0301187 1
7 0 0276358 2
7 0 0326007 1
7 0 0314941 3
7 0 0323287 1
7 0 0269192 2
7 0 0341539 2
7 0 0929551 2
7 0 0316117 2
7 0 0218186 3
7 0 0314933 2
7 0 0642337 4
7 0 0303454 2
7 0 0044940 1
7 0 0396505 1
7 0 0315604 2
7 0 0404674 2
7 0 0976074 1
7 0 0331042 2
7 0 0413160 3
7 0 0427314 4
7 0 0343845 1
7 0 0358141 2
7 0 0357069 2
7 0 0366435 2
7 0 0357745 2
7 0 0828898 4
7 0 0369273 3
7 0 0326231 2
7 0 0355863 2
7 0 0356049 2
7 0 0930014 2
7 0 0344026 2
7 0 0363080 2
7 0 0350867 2
7 0 0365712 1
7 0 0369125 3
7 0 0326217 3
7 0 0334115 2
7 0 0343814 2
7 0 0328525 2
7 0 0293617 2
7 0 0350815 2
7 0 1049749 3
7 0 0370456 1
7 0 0899575 2
7 0 0750154 2
7 0 0357651 2
7 0 0341534 2
7 0 0207686 2
7 0 0327111 2
7 0 0335122 2
7 0 0945441 1
7 0 0362283 2
7 0 0310818 2
7 0 0431206 2
7 0 0454701 2
7 0 0451059 3
7 0 0213443 2
7 0 0106607 1
7 0 0326874 3
7 0 0364602 2
7 0 0220067 1
7 0 0715115 2
7 0 0401046 2
7 0 0401940 2
7 0 0213183 3
7 0 0530684 3
7 0 0479268 3
7 0 0159968 2
7 0 0207663 2
7 0 0204879 1
7 0 0264200 2
7 0 0304557 2
7 0 0299667 2
7 0 0160956 2
7 0 0089744 2
7 0 0252271 3
7 0 0291095 1
7 0 0306702 1
7 0 0301232 2
7 0 0215640 2
7 0 0299567 3
7 0 0296465 3
7 0 0360951 2
7 0 0630970 2
7 0 0305774 2
7 0 0719524 2
7 0 0325942 4
7 0 0286597 2
7 0 0415890 2
7 0 0205164 2
7 0 0254916 3
7 0 0290580 3
7 0 0204878 1
7 0 0244002 3
7 0 0342935 2
7 0 0266049 2
7 0 0468158 3
7 0 0468137 3
7 0 0468062 3
7 0 0361089 3
7 0 0313230 2
7 0 0249222 2
7 0 0368834 2
7 0 0368864 2
7 0 0348886 3
7 0 0329842 2
7 0 0403897 1
7 0 0301458 3
7 0 0217674 2
7 0 0361294 2
7 0 0264910 2
7 0 0355631 2
7 0 0360955 2
7 0 0402467 1
7 0 0356615 2
7 0 0256635 2
7 0 0350416 2
7 0 0317740 2
7 0 0326200 2
7 0 0248194 2
7 0 0030882 2
7 0 0329536 3
7 0 0480048 2
7 0 0355891 2
7 0 0264325 2
7 0 0395128 1
7 0 0325501 3
7 0 0369227 3
7 0 0368855 4
7 0 0448799 2
7 0 1301851 3
7 0 0282750 2
7 0 0421753 2
7 0 0173183 2
7 0 0214354 2
7 0 0295052 3
7 0 0643520 2
7 0 0655105 2
7 0 0310747 2
7 0 0659637 1
7 0 0360000 2
8 0 1234314 4
8 0 1260552 4
8 0 1634935 3
8 0 1360059 2
8 0 1228116 1
8 0 1229503 2
8 0 1260620 2
8 0 1234378 4
8 0 1241958 4
9 0 1036560 2
9 0 1036741 2
9 0 0522475 2
9 0 1036289 1
9 0 0929072 2
9 0 1037837 2
9 0 0115988 2
9 0 0674183 2
9 0 1832636 3
9 0 0190766 3
9 0 1071271 2
9 0 0473180 3
9 0 1036559 2
9 0 0834737 1
9 0 1001750 2
9 0 0086473 3
9 0 0080489 2
9 0 1046235 2
9 0 0362687 3
9 0 0429835 1
9 0 0014004 3
9 0 0070483 1
9 0 1036740 1
9 0 0927604 2
9 0 0018394 3
9 0 0108228 2
9 0 0684502 3
9 0 0375938 2
9 0 0063746 2
9 0 0108393 2
9 0 0962639 2
9 0 0478185 2
9 0 1225828 1
9 0 0477834 3
9 0 0982191 2
9 0 0684504 3
9 0 0931471 3
9 0 0707858 3
9 0 1584418 3
9 0 0081653 2
9 0 0833716 1
9 0 0503211 2
9 0 0115231 2
9 0 0883357 3
9 0 0405679 2
9 0 0535450 2
9 0 0325584 2
9 0 0193092 2
9 0 0179130 2
9 0 0122823 2
9 0 0422087 2
9 0 0189674 2
9 0 0712482 2
9 0 1428933 2
9 0 0062192 3
9 0 0316375 2
9 0 0384185 2
9 0 0504925 2
9 0 1690352 1
9 0 0701643 2
9 0 0101702 2
9 0 0105342 2
9 0 0005959 2
9 0 0698591 3
9 0 0671034 2
9 0 0671016 2
9 0 0671043 2
9 0 0139160 2
9 0 0135913 2
9 0 0713480 2
9 0 0218626 2
9 0 0099540 2
9 0 0417872 2
9 0 0690578 2
9 0 0311693 2
9 0 0704791 3
9 0 0389659 2
9 0 0312274 1
9 0 0970473 1
9 0 1484318 2
9 0 0110160 1
9 0 0059214 1
9 0 0401243 2
9 0 0044406 1
9 0 0690945 2
9 0 0703158 2
9 0 0311317 2
9 0 0027518 2
9 0 0118036 2
9 0 1493630 1
9 0 1491873 1
9 0 0416110 2
9 0 0452918 2
9 0 0712583 2
9 0 0340830 2
9 0 0262280 3
9 0 0711632 2
9 0 0108857 2
9 0 0375304 2
9 0 0713157 2
9 0 0192993 2
9 0 0101594 2
9 0 0314455 2
9 0 0711983 2
9 0 0019130 1
9 0 0700999 2
9 0 0712427 2
9 0 0321695 2
9 0 0141372 1
9 0 0307591 2
9 0 0553259 1
9 0 0467579 3
9 0 0211827 2
9 0 0471662 3
9 0 0334642 2
9 0 0349769 2
9 0 0191668 2
9 0 0372961 2
9 0 0201984 2
9 0 1659445 1
9 0 0218750 2
9 0 0467370 1
9 0 1118592 2
9 0 0226107 1
9 0 0613034 1
9 0 0111554 2
9 0 0225709 1
9 0 1038705 1
9 0 0191179 1
9 0 0005566 2
9 0 0022762 1
9 0 1206596 3
9 0 0400997 2
9 0 0191663 1
9 0 0163185 2
9 0 0151819 1
9 0 0311009 1
9 0 1052972 2
9 0 1466954 1
9 0 0497395 1
9 0 0289480 1
9 0 0009522 2
9 0 0428713 1
9 0 0196311 1
9 0 1019468 1
9 0 0315361 2
9 0 0249557 2
9 0 0197570 2
9 0 1474653 3
9 0 0195651 1
9 0 0205892 1
9 0 0552238 1
9 0 0712323 1
9 0 0407271 2
9 0 0189942 1
9 0 0432236 1
9 0 0183904 1
9 0 0398984 1
9 0 0107538 1
9 0 1429966 1
9 0 0310996 2
9 0 1174382 1
9 0 1456340 1
9 0 1588761 1
9 0 0181988 1
9 0 1588147 1
9 0 0324867 1
9 0 0484892 1
9 0 0872174 1
9 0 0397225 1
9 0 0313406 2
9 0 0212473 1
9 0 0433987 1
9 0 0374879 1
9 0 0957352 1
9 0 0576386 2
9 0 0576385 2
9 0 1475777 1
9 0 0032508 1
9 0 0400310 1
9 0 0304737 1
9 0 0079060 1
9 0 0462372 1
9 0 0013792 1
9 0 0712961 1
9 0 0186723 1
9 0 0037176 1
9 0 0274110 1
9 0 0317096 2
9 0 0538281 1
9 0 1536538 1
9 0 0559863 1
9 0 1478673 1
9 0 1462462 1
9 0 0383006 1
9 0 1844576 2
9 0 0586398 2
9 0 0378884 1
9 0 0126743 1
9 0 0551659 2
9 0 0135583 1
9 0 0248998 1
9 0 1184893 1
9 0 0607267 1
9 0 0193918 2
9 0 0382840 1
9 0 0383048 1
9 0 0574284 2
9 0 1098341 1
9 0 0765994 2
9 0 0687802 1
9 0 0182255 1
9 0 0203117 1
9 0 0336477 2
9 0 0310941 1
9 0 0059257 1
9 0 0505812 1
9 0 0013783 2
9 0 0853399 1
9 0 0049073 1
9 0 1463719 1
9 0 0224537 2
9 0 0256847 1
9 0 0377717 1
9 0 1646101 1
9 0 0174293 1
9 0 0704118 2
9 0 0494634 1
9 0 0002341 2
9 0 0806312 1
9 0 0889049 1
9 0 1690644 2
9 0 0311501 1
9 0 0080898 1
9 0 0573893 1
9 0 0311421 1
9 0 0260210 1
9 0 0279245 1
9 0 1512036 1
9 0 0415553 1
9 0 1521655 1
9 0 0200598 1
9 0 0131571 1
9 0 1589199 1
9 0 0691289 1
9 0 1106617 1
9 0 0311223 1
9 0 0134653 1
9 0 0374252 1
9 0 0017329 1
9 0 0362261 1
9 0 0064513 1
9 0 0548251 1
9 0 0453357 1
9 0 0380324 2
9 0 0504239 1
9 0 0091895 1
9 0 0422626 1
9 0 0811084 1
9 0 1810516 1
9 0 0108023 1
9 0 0310815 1
9 0 0293873 1
9 0 0058709 1
10 0 0645300 2
10 0 0309850 2
10 0 0985739 2
10 0 0766777 1
10 0 0298897 2
10 0 1325286 2
10 0 1351564 2
10 0 0088633 3
10 0 0346187 3
10 0 0538867 3
10 0 0984009 4
10 0 1068949 2
10 0 1514765 1
10 0 1206098 3
10 0 0985699 2
10 0 0297790 3
10 0 0031383 3
10 0 1575652 3
10 0 0309449 4
11 0 1189167 3
11 0 0543763 3
11 0 0366888 3
11 0 0353325 2
11 0 1190894 3
11 0 1196121 3
11 0 1511519 2
11 0 0540934 2
11 0 0404811 3
11 0 1709909 1
11 0 0904810 1
11 0 1018049 1
11 0 0405262 3
11 0 0448149 2
11 0 0620687 3
11 0 0574814 2
11 0 0540955 3
11 0 0405772 3
11 0 1320090 3
11 0 0718534 3
11 0 0363679 2
11 0 0661037 3
11 0 0404833 4
11 0 0751315 3
11 0 0489810 1
11 0 0404835 4
11 0 0366951 2
11 0 0448186 4
11 0 0353319 4
11 0 0950808 4
11 0 0619913 1
12 0 0103061 3
12 0 0597388 1
12 0 1837070 1
12 0 1409777 2
12 0 1766078 2
12 0 0241828 2
12 0 1324168 4
12 0 0479345 2
12 0 1114705 2
12 0 0942306 3
12 0 1512685 1
12 0 0159427 3
12 0 0184164 1
12 0 1550702 2
12 0 0884904 2
12 0 1451579 2
12 0 1697666 2
12 0 1780008 3
12 0 1709978 2
13 0 0885736 2
13 0 1005895 2
13 0 0913051 2
13 0 0908165 2
13 0 0914133 2
13 0 0832992 3
14 0 1390057 1
14 0 0949937 2
14 0 0953104 2
14 0 1711644 2
14 0 0941263 2
14 0 1602812 2
14 0 0790933 2
14 0 0951791 2
14 0 0952793 2
14 0 1185808 2
14 0 0958237 2
14 0 0955876 2
14 0 0953340 1
14 0 1689803 2
14 0 0999055 2
14 0 0951579 2
14 0 0795768 2
14 0 0795036 2
14 0 1274920 2
14 0 1609191 2
14 0 1800168 2
14 0 0951265 2
14 0 1653957 3
14 0 0951243 2
14 0 0811425 2
14 0 1234959 2
14 0 1684709 1
14 0 1623340 1
14 0 1740695 2
14 0 0804931 1
14 0 0804408 1
14 0 1144218 1
14 0 0951310 2
14 0 1090631 2
14 0 1090819 2
14 0 0906304 2
14 0 0942658 1
14 0 0954652 1
14 0 0962575 2
14 0 1259695 2
14 0 0949985 2
14 0 1602815 2
14 0 0949961 2
15 0 0320405 2
15 0 0320606 1
15 0 0279735 3
15 0 0278403 3
15 0 0405140 3
15 0 0350912 3
15 0 0353309 3
15 0 0426746 3
15 0 0279415 3
15 0 0284352 2
15 0 0366643 3
15 0 0361477 2
16 0 0428399 2
16 0 0672532 2
16 0 0959999 3
16 0 1206978 2
16 0 0949416 2
16 0 0841141 1
16 0 0196332 2
16 0 0736302 4
16 0 1378425 2
16 0 0105134 1
16 0 0433357 1
16 0 1110109 1
16 0 0722492 4
16 0 0402797 2
16 0 1073346 2
16 0 1249358 4
16 0 1315512 1
16 0 1750074 1
16 0 0345780 2
16 0 1102713 3
16 0 0960141 2
16 0 0651891 1
16 0 1089095 2
16 0 0810544 2
17 0 1807266 4
17 0 1815917 4
17 0 1816583 4
17 0 1440784 4
17 0 1439084 3
17 0 1816365 3
17 0 1817167 3
17 0 1810273 3
17 0 1806742 3
17 0 1803668 3
17 0 1810310 3
17 0 1803451 3
17 0 1815230 3
17 0 1804512 3
17 0 1803430 4
17 0 1812616 3
17 0 1812816 3
17 0 1806986 3
17 0 1813171 3
17 0 1803619 3
17 0 1805554 3
17 0 1805378 3
17 0 1805350 3
17 0 1804749 3
17 0 1812196 3
17 0 1804997 3
17 0 1804948 3
17 0 1815207 3
17 0 1811531 3
17 0 1813396 3
17 0 1804556 3
17 0 1812029 3
17 0 1816084 3
17 0 1806635 3
17 0 1810132 3
17 0 1804692 3
17 0 1805523 3
17 0 1806642 3
17 0 1816364 3
17 0 1814392 3
17 0 1811033 3
17 0 1809254 3
17 0 1807705 3
17 0 1808762 3
17 0 1805135 3
17 0 1810243 3
17 0 1809466 3
17 0 1815929 3
17 0 1815578 3
17 0 1813427 3
17 0 1814681 3
17 0 1808695 3
17 0 1811517 3
17 0 1813605 3
17 0 1816128 3
17 0 1808092 3
17 0 1821110 4
17 0 1803487 3
17 0 1805119 3
17 0 1803289 3
17 0 1816520 2
17 0 1804959 3
17 0 1819906 3
17 0 1819579 2
17 0 1822419 1
17 0 1809644 3
17 0 1803655 3
17 0 1804582 3
17 0 1804532 3
17 0 1800961 3
17 0 1803667 3
17 0 1803467 3
17 0 1803525 3
17 0 1801002 2
17 0 1804949 3
17 0 1813588 3
17 0 1804575 3
17 0 1782432 2
17 0 1803700 3
17 0 1805130 3
17 0 1803528 3
17 0 1804513 3
17 0 1804345 3
17 0 1803501 3
18 0 0043931 4
18 0 0031751 3
18 0 0039148 4
18 0 0143548 1
18 0 0043952 4
18 0 0044931 2
18 0 1315797 4
18 0 0044003 4
18 0 0044777 1
18 0 0043525 4
18 0 0043576 4
18 0 0043544 4
18 0 0043798 4
19 0 0526879 4
19 0 1365192 3
19 0 1114689 2
19 0 0966718 3
19 0 0648788 1
19 0 0232035 2
19 0 1136006 2
19 0 1392071 2
19 0 1259679 3
19 0 1198039 3
19 0 0813905 3
19 0 1131375 2
19 0 1146670 2
19 0 1657581 1
19 0 1249128 1
19 0 1174782 1
19 0 1243331 2
19 0 1622127 2
19 0 1367058 2
19 0 1658953 2
19 0 1162649 1
19 0 1457547 2
19 0 1614779 2
19 0 1344750 2
19 0 1607979 2
19 0 1528862 2
19 0 0602097 3
19 0 0681757 3
19 0 1191035 4
19 0 1333085 3
19 0 1832612 3
19 0 0681767 2
19 0 0476194 4
19 0 0823951 4
19 0 0538323 2
19 0 1664211 4
19 0 1008442 1
19 0 1830671 1
19 0 1830289 1
19 0 0702337 2
19 0 1726230 1
19 0 0680279 4
19 0 0875143 3
19 0 0681097 2
19 0 1085742 2
19 0 0078517 1
19 0 0700814 2
19 0 0982690 2
19 0 0761679 2
19 0 0823877 3
19 0 0535149 2
19 0 1691788 2
19 0 1626366 2
19 0 0829880 2
19 0 0746104 1
19 0 1277504 2
19 0 1763760 2
19 0 0526917 4
19 0 0604712 3
19 0 0404600 3
19 0 1669972 2
19 0 0513012 3
19 0 0611426 2
19 0 0853686 2
19 0 0847688 2
19 0 0777695 2
19 0 0558234 2
19 0 0244245 2
19 0 0634772 2
19 0 0788172 2
19 0 0558395 2
19 0 1124935 1
19 0 1055454 3
19 0 0928243 2
19 0 1789388 1
19 0 0881878 1
19 0 0530052 2
19 0 0893069 1
19 0 0965869 2
20 0 1834987 4
20 0 1835886 3
20 0 1836218 4
20 0 1835632 3
20 0 1835853 4
20 0 1849101 3
20 0 1624751 4
20 0 1624869 4
20 0 1624859 4
20 0 1835723 3
20 0 1836023 3
20 0 1832576 3
20 0 1852320 3
20 0 1848102 1
20 0 1834925 4
20 0 1835668 3
20 0 1824088 3
20 0 1740073 3
20 0 1627902 3
20 0 1834983 3
20 0 1837878 3
20 0 1844048 3
20 0 1834924 3
20 0 1848237 3
21 0 0360628 3
21 0 0360622 3
21 0 0360164 3
21 0 0361074 3
21 0 0360501 2
21 0 0362025 2
21 0 0372538 3
21 0 0361523 4
21 0 0362884 3
21 0 0360936 3
21 0 0361362 3
21 0 0598217 3
21 0 0362706 4
21 0 0367919 4
21 0 0360655 4
21 0 0670125 4
21 0 0366983 3
21 0 0360935 4
22 0 1818275 3
22 0 1182446 3
22 0 1255804 2
22 0 1465315 2
22 0 1305595 4
22 0 1207464 4
22 0 1142447 1
22 0 1282223 3
22 0 1105017 1
22 0 1601212 3
22 0 1726480 2
22 0 1637770 3
22 0 1553913 3
22 0 1297160 3
22 0 1634431 3
22 0 1803842 2
22 0 1392144 2
22 0 1419197 4
22 0 1581269 4
22 0 1460553 3
22 0 1672085 3
22 0 1581050 3
22 0 1532930 2
22 0 1392475 3
22 0 1394829 3
22 0 1241911 4
22 0 1673304 4
22 0 1237650 3
22 0 1242237 3
22 0 1550948 4
22 0 1387210 4
22 0 1288372 3
22 0 1182576 3
22 0 1726063 2
22 0 1182714 4
22 0 1246979 3
22 0 1747236 4
22 0 1353012 2
22 0 1798017 2
22 0 1346225 3
22 0 1442239 2
22 0 1422964 3
22 0 1464768 3
22 0 1702190 2
22 0 1852971 2
22 0 1340205 2
22 0 1507011 2
22 0 1358404 2
22 0 1224292 2
22 0 1719712 3
22 0 1186472 4
22 0 1708903 3
22 0 1708906 3
22 0 1554589 3
22 0 1833230 3
22 0 1410840 2
22 0 1245751 3
22 0 1672924 3
22 0 1366088 2
22 0 1721068 2
22 0 1557183 3
22 0 1337071 2
22 0 1348085 3
22 0 1539731 3
22 0 1848173 2
22 0 1020379 2
22 0 1411093 2
22 0 1362467 2
22 0 1529707 2
22 0 1577565 2
22 0 1345093 1
22 0 1600089 3
22 0 1355713 2
22 0 1355660 2
22 0 1477679 3
22 0 1544706 3
23 0 0929089 4
23 0 0931484 3
23 0 0931492 1
23 0 0932031 2
23 0 0931671 3
23 0 0932556 2
23 0 0930362 2
23 0 0932039 2
23 0 0935219 1
23 0 0942347 3
23 0 1069482 3
23 0 0932506 2
23 0 0956571 3
23 0 1093374 3
23 0 0930871 2
23 0 0930027 2
23 0 0930272 2
23 0 0931882 3
23 0 0931258 1
23 0 0935045 1
23 0 0935037 2
23 0 0930406 2
23 0 1033020 2
23 0 0936492 2
23 0 0930808 1
23 0 0936143 2
23 0 0935912 2
23 0 0934904 2
23 0 0947046 1
23 0 0931878 3
23 0 0931689 3
23 0 0931507 2
23 0 1033354 2
23 0 0938613 2
23 0 0935724 2
23 0 0934858 2
23 0 0949495 2
23 0 0948211 1
23 0 0930412 1
23 0 0930025 2
23 0 0935241 2
23 0 0986433 2
23 0 0934026 2
23 0 0935716 2
23 0 0944331 2
23 0 0935178 1
23 0 0931920 2
23 0 0945076 2
23 0 0938962 2
23 0 0937795 1
23 0 0931490 2
23 0 0937162 2
23 0 0934391 2
23 0 0943157 2
23 0 0930390 3
23 0 0932576 3
23 0 0936422 2
23 0 0934027 2
23 0 0933434 2
23 0 0933441 2
23 0 0935039 3
23 0 0993113 2
23 0 0935922 2
23 0 1128255 1
23 0 0936057 2
23 0 0932064 2
23 0 0932061 2
23 0 1046872 2
23 0 0937315 2
23 0 0964874 1
24 0 1097226 4
24 0 1098591 4
24 0 1096329 4
24 0 1159559 4
24 0 1096727 3
24 0 1388878 3
24 0 1097031 4
24 0 1097950 2
24 0 1096178 3
24 0 1096130 3
24 0 1095911 3
24 0 1097187 3
24 0 1098827 3
24 0 1159821 3
24 0 1125722 3
24 0 1114059 3
24 0 1096185 3
24 0 1389919 4
24 0 1389400 4
24 0 1119351 3
24 0 1121885 3
24 0 1198565 2
24 0 1097868 3
24 0 1097863 1
25 0 1162302 3
25 0 1163358 4
25 0 1725810 4
25 0 1124317 2
25 0 0895663 2
25 0 1607592 4
25 0 1493515 1
25 0 1126462 4
25 0 0918504 1
25 0 0895696 1
25 0 0642071 1
25 0 0918558 1
26 0 1468445 3
26 0 1617651 3
26 0 1609894 3
26 0 1212997 3
26 0 1238117 2
26 0 1610641 2
26 0 1215073 1
26 0 1468528 2
27 0 1632900 3
27 0 1687691 2
27 0 1746357 4
27 0 1536143 2
27 0 1849966 3
27 0 1308059 2
27 0 1043074 2
27 0 1767648 2
27 0 1777093 2
27 0 1700108 2
27 0 1697513 2
27 0 1854579 1
27 0 1780449 2
27 0 1780239 2
27 0 1779209 2
27 0 1598941 2
27 0 1313388 2
27 0 1123799 2
27 0 1106989 2
27 0 1702026 2
27 0 1614470 3
27 0 1765881 2
27 0 1309841 2
27 0 1697412 2
27 0 1702524 2
27 0 1599591 1
27 0 1849436 1
27 0 1768366 3
27 0 1034865 1
27 0 1843940 2
27 0 1748919 2
27 0 1482972 2
27 0 1584704 2
27 0 1560272 2
27 0 1697035 2
27 0 1397391 2
27 0 1558539 4
27 0 1277585 1
27 0 1529636 2
27 0 1781219 2
27 0 1779041 2
27 0 1779018 2
27 0 1780069 2
27 0 1786425 2
27 0 0288935 2
27 0 1559837 3
27 0 1536642 2
27 0 1632520 2
27 0 1529255 3
27 0 1675236 4
27 0 1673976 2
27 0 1478072 2
27 0 1076046 2
27 0 1825125 2
27 0 1789516 2
27 0 1825987 3
27 0 1536372 2
27 0 1668375 2
27 0 1573407 3
27 0 1805211 3
27 0 0194715 2
27 0 1528075 3
27 0 1719213 3
27 0 1719782 2
27 0 0200250 2
27 0 1531122 3
27 0 1412174 2
27 0 1060031 2
27 0 1816891 1
27 0 1770557 2
27 0 1252396 2
27 0 1784299 2
27 0 1821367 2
27 0 1779040 2
27 0 1422119 2
27 0 1600210 2
27 0 1772743 1
27 0 1787925 2
27 0 1837461 2
27 0 1562739 2
27 0 1572862 2
27 0 1709547 2
27 0 1529924 3
27 0 1535367 2
27 0 1537156 2
27 0 1535241 2
27 0 1531262 2
27 0 1578254 2
27 0 1580032 2
27 0 1641894 2
27 0 1846515 3
27 0 1783309 2
27 0 1789459 2
27 0 1779890 2
27 0 1789928 2
27 0 1631266 2
27 0 1764622 2
27 0 1097036 2
27 0 1829301 2
27 0 1586824 2
27 0 1779198 2
27 0 1738337 2
27 0 1847191 3
27 0 1597936 2
27 0 1034202 2
27 0 1781220 2
27 0 1033048 2
27 0 1627325 2
27 0 1650687 1
27 0 1792080 2
27 0 1780794 2
27 0 1847572 1
27 0 1772995 2
27 0 1790140 2
27 0 1781433 1
27 0 1772398 2
27 0 1036555 2
27 0 1772998 2
27 0 1803837 1
27 0 1779878 2
27 0 1773595 2
27 0 1307874 1
27 0 1124755 2
27 0 1032395 2
27 0 1116112 2
27 0 1119509 2
27 0 1119843 2
27 0 1120005 2
27 0 1031437 1
27 0 1032555 1
27 0 1034026 2
27 0 1106595 2
27 0 1593786 2
27 0 1784616 2
27 0 1035181 2
27 0 1034536 2
27 0 1796590 1
27 0 1790090 1
27 0 0964201 2
27 0 1789485 1
27 0 1783826 2
27 0 1849199 1
27 0 1558699 2
27 0 1788192 2
27 0 1122679 1
27 0 1792920 1
27 0 1774107 1
27 0 1078481 1
27 0 1035489 1
27 0 1810376 1
27 0 1121190 2
27 0 1584465 2
27 0 1540678 2
27 0 1558505 2
27 0 1540689 2
28 0 1413928 4
28 0 1412680 3
28 0 1413699 2
28 0 1412913 4
28 0 1417767 4
28 0 1413873 3
28 0 1412649 4
28 0 1412904 4
28 0 1413101 4
28 0 1412676 4
28 0 1412893 2
28 0 1412902 4
28 0 1412892 4
28 0 1413518 3
28 0 1415231 2
28 0 1413562 4
28 0 1412650 3
29 0 0999580 3
29 0 1669589 3
29 0 1002967 4
29 0 1093963 4
29 0 1417438 4
29 0 1773137 4
29 0 0942482 2
29 0 0839504 2
29 0 1078604 2
29 0 1324395 2
29 0 0229784 4
29 0 0847439 3
29 0 1432232 2
29 0 1348494 4
29 0 0641663 4
29 0 0398500 4
29 0 1050327 4
29 0 0846280 1
29 0 1176814 2
29 0 0862031 3
29 0 1207226 2
29 0 0908342 3
29 0 1799570 2
29 0 1690986 2
29 0 0342810 3
29 0 0748873 4
29 0 0674788 4
29 0 0838682 4
29 0 0811123 2
29 0 1180415 2
29 0 1557925 3
29 0 0807105 2
29 0 0602912 2
29 0 1283875 3
29 0 0626353 1
29 0 0913360 3
29 0 1003850 4
29 0 0913355 3
29 0 0144197 4
29 0 0907493 2
29 0 1733714 4
29 0 1105192 3
29 0 1274181 4
29 0 0334677 3
29 0 1001242 4
29 0 1510758 2
29 0 1277752 2
29 0 0929747 2
29 0 0880710 4
29 0 0716264 2
29 0 1183435 2
29 0 0458281 2
29 0 1826067 2
29 0 0681763 3
29 0 0846194 4
29 0 0719171 3
29 0 1468023 4
29 0 1139603 4
29 0 1714251 4
29 0 0043779 4
29 0 1794605 4
29 0 1680299 4
29 0 0752370 4
29 0 1743306 3
29 0 1829393 4
29 0 0125973 2
29 0 0067514 4
29 0 1518449 2
29 0 1714527 3
29 0 0834665 4
29 0 0428060 2
29 0 1660894 1
29 0 1137918 3
29 0 0630205 2
29 0 1471642 2
29 0 1216275 4
29 0 1429381 2
29 0 1689446 3
29 0 0668439 4
29 0 0558098 2
29 0 1712472 2
29 0 1766464 3
29 0 1023428 3
29 0 1313724 2
29 0 1699503 1
29 0 1016604 3
29 0 1787826 2
29 0 1554236 4
29 0 1472385 4
29 0 0828244 3
29 0 1221197 2
29 0 0166361 4
29 0 0511554 2
29 0 1267123 3
29 0 1762267 2
29 0 0595624 3
29 0 0138446 2
29 0 1781662 1
29 0 1071865 1
29 0 0516677 3
29 0 0744175 4
29 0 1085762 4
29 0 0461111 4
29 0 0091033 2
29 0 1269435 3
29 0 1454730 1
29 0 1522124 2
29 0 1831106 3
29 0 1055722 1
29 0 0150247 2
29 0 0774278 3
29 0 1486833 1
29 0 0899028 2
29 0 0262161 2
29 0 0820982 3
29 0 0516678 1
29 0 1417432 2
29 0 1203644 3
29 0 1599847 1
29 0 0149663 2
29 0 0286474 2
29 0 1000926 3
29 0 0508300 2
29 0 0605662 3
29 0 1676748 3
29 0 0709456 1
29 0 1737153 1
29 0 1652078 3
29 0 0379109 4
29 0 1319087 1
29 0 1787845 1
29 0 1700081 1
29 0 1382767 1
29 0 1325267 1
29 0 0701442 2
29 0 1441171 3
29 0 0768641 3
29 0 1024291 3
29 0 0664628 1
29 0 0596476 1
29 0 1454723 1
29 0 0379749 4
29 0 1656514 2
29 0 0367319 3
29 0 1225471 3
29 0 0777716 3
29 0 1320831 2
29 0 0934544 1
29 0 1317287 2
29 0 0984190 2
29 0 1747343 2
29 0 1110324 1
29 0 1270279 1
29 0 1326145 1
29 0 1287330 3
29 0 1529118 1
29 0 0580641 3
29 0 0879301 1
29 0 1352601 1
29 0 0189424 3
29 0 0758997 1
29 0 0823282 1
29 0 1308377 1
29 0 0602828 3
29 0 0617136 2
29 0 0485162 3
29 0 1680295 2
29 0 0374640 3
29 0 1245359 3
29 0 1465247 3
29 0 1117777 3
29 0 1448894 1
29 0 1018366 1
29 0 0929723 1
29 0 1697767 1
29 0 0790458 3
29 0 1269810 2
29 0 0559107 2
29 0 0074024 4
29 0 0509306 3
29 0 0139916 2
29 0 1768954 2
29 0 1529117 3
29 0 0959121 2
29 0 0763161 2
29 0 0594817 3
29 0 0002598 3
29 0 0877918 3
29 0 1281228 1
29 0 1836161 3
29 0 0897532 2
29 0 0672339 3
29 0 1789579 2
29 0 0328595 3
29 0 1445705 3
29 0 1758847 2
29 0 1579244 1
29 0 0666187 3
29 0 1183096 2
29 0 1357843 1
29 0 0926494 1
29 0 1802290 3
29 0 1200090 1
29 0 0284546 2
29 0 0860917 3
29 0 1438123 1
29 0 0778264 2
29 0 1053892 1
29 0 0623688 2
29 0 1425790 3
29 0 1798960 3
29 0 0558202 3
29 0 1758040 3
29 0 0996186 1
29 0 1014933 3
29 0 0639148 1
29 0 1204454 3
29 0 1705460 3
29 0 1808919 2
29 0 1259829 2
29 0 0060965 1
29 0 0712404 1
29 0 1822725 1
29 0 0678120 3
29 0 1081355 2
29 0 1738022 3
29 0 0213412 3
29 0 0912493 3
29 0 1653785 3
29 0 1785523 3
29 0 0069225 3
29 0 1573123 3
29 0 1424560 3
29 0 0387547 3
30 0 1681859 4
30 0 0560654 2
30 0 0831718 3
30 0 0871154 3
30 0 1630923 2
30 0 0709438 3
30 0 0946948 2
30 0 0255179 2
30 0 0865371 4
30 0 0146010 4
30 0 0814971 2
30 0 0814806 2
30 0 0756309 3
30 0 0734751 2
30 0 0680484 2
30 0 0872901 2
30 0 0842747 2
30 0 0901627 2
30 0 0747731 1
30 0 0645139 2
30 0 1624000 3
30 0 0386817 2
30 0 0953275 2
30 0 0703651 4
30 0 0703783 2
30 0 0025613 4
30 0 0677760 1
30 0 0683715 2
30 0 0672919 4
30 0 0683484 3
30 0 0159447 3
30 0 0775042 2
30 0 0146006 4
30 0 0938505 2
30 0 0696352 3
30 0 1181658 3
30 0 0688005 2
30 0 0844971 2
30 0 1145140 3
30 0 0743909 2
30 0 0731285 1
30 0 0842730 1
30 0 1013308 2
30 0 1140755 2
30 0 0841195 2
30 0 0837762 2
30 0 1180918 2
30 0 0925538 2
30 0 1180281 2
30 0 1157709 2
30 0 1299607 1
30 0 1039137 3
30 0 0770731 2
30 0 0986169 3
30 0 1303226 2
30 0 1185869 2
30 0 0873115 2
30 0 0939638 2
30 0 0774595 2
30 0 0712040 2
30 0 1185799 2
30 0 0781782 2
30 0 0681191 3
30 0 1297075 3
30 0 0113560 2
30 0 1396362 2
30 0 0703647 2
30 0 1850882 2
30 0 0552458 2
30 0 0839308 2
30 0 0476746 2
30 0 0435948 3
30 0 1773658 2
30 0 1781717 2
30 0 0501094 2
30 0 0139826 2
30 0 0967269 2
30 0 1415811 2
30 0 0961713 2
30 0 1607976 3
30 0 0228277 2
30 0 1434271 2
30 0 0194379 3
30 0 0842343 1
30 0 0862309 3
30 0 1614843 2
30 0 0335316 2
30 0 0872492 2
30 0 0806041 3
30 0 0801209 1
30 0 0792154 2
30 0 0492758 1
30 0 0541115 2
30 0 0468558 2
30 0 0245558 2
30 0 0695283 3
30 0 0997566 3
30 0 0678264 3
30 0 1348145 2
30 0 0680273 2
30 0 0767831 3
30 0 1819931 2
30 0 1786575 2
30 0 0686086 2
30 0 0684272 3
30 0 1822124 3
30 0 0784276 2
30 0 0871908 2
30 0 0947222 3
30 0 0685736 2
30 0 0694943 2
30 0 0767659 2
30 0 0676488 2
30 0 0784161 2
30 0 0785357 1
30 0 0837591 2
30 0 0999082 2
30 0 0852831 2
30 0 0696007 3
30 0 0693761 2
30 0 0681698 1
30 0 1001788 3
30 0 1473344 2
30 0 0851057 1
30 0 0784162 2
30 0 0762949 2
30 0 0778012 2
30 0 0823689 2
30 0 0823482 2
30 0 0970884 3
30 0 0836378 2
30 0 0958517 2
30 0 1016279 2
30 0 0779618 2
30 0 1039086 2
30 0 1139896 2
30 0 1181172 1
30 0 0837923 2
30 0 0917268 2
31 0 1609604 2
31 0 1405179 3
31 0 0142101 2
31 0 0412956 4
31 0 0054636 4
31 0 0448070 4
31 0 0940486 2
31 0 0477549 4
31 0 0335241 4
31 0 0001329 4
31 0 0445603 3
31 0 0462570 4
31 0 0462569 4
31 0 0462480 4
31 0 0109125 3
31 0 0652225 4
31 0 0399662 4
31 0 0904520 4
31 0 0648988 4
31 0 1261743 3
31 0 0316146 2
31 0 1605898 3
31 0 1344509 4
31 0 1105000 4
32 0 0799403 3
32 0 0799089 3
32 0 0795205 2
32 0 0795693 2
32 0 0967231 3
32 0 0797838 2
32 0 0797551 2
32 0 0831792 4
32 0 0799483 3
32 0 0799148 3
32 0 0950308 2
32 0 0803010 2
32 0 0803085 2
32 0 0798998 4
32 0 0799250 4
32 0 0799350 4
32 0 0798675 4
32 0 0883464 3
32 0 0799392 4
32 0 0799079 4
32 0 0800070 4
32 0 0799411 4
32 0 0799095 4
32 0 0799397 4
32 0 0799083 4
32 0 0799081 4
32 0 0799076 4
33 0 1571643 2
33 0 1709773 2
33 0 1782195 2
33 0 1621274 2
33 0 1322068 2
33 0 1574102 3
33 0 1331039 2
33 0 1326600 2
33 0 1323721 3
33 0 1754508 3
33 0 1675444 3
33 0 1321601 2
33 0 1572762 2
33 0 1324317 3
33 0 1341283 2
33 0 1783135 2
33 0 1367334 2
33 0 1390455 2
33 0 1681738 2
33 0 1350813 3
33 0 1345505 2
33 0 1336566 2
33 0 1337853 2
34 0 0068033 3
34 0 0068095 3
34 0 0067155 4
34 0 0069355 1
34 0 0072593 1
34 0 0067217 1
34 0 0071357 2
34 0 1512415 2
34 0 0068287 4
34 0 0067264 4
34 0 0067666 3
34 0 0067338 2
34 0 0067345 2
34 0 0068178 1
34 0 0068976 1
34 0 0067822 2
34 0 0068465 2
34 0 1605494 3
34 0 0069019 3
35 0 1797291 3
35 0 1545766 2
35 0 1720783 2
35 0 1823781 1
35 0 1532046 3
35 0 1104624 3
35 0 1733491 1
35 0 1720756 3
35 0 1749078 3
35 0 1318235 1
35 0 1791249 2
35 0 1798057 3
35 0 1600741 2
35 0 1794030 1
35 0 1768871 3
35 0 0460446 1
36 0 1119773 3
36 0 1208910 2
36 0 1845382 2
36 0 1845499 2
36 0 1845334 2
36 0 1845397 2
36 0 1845357 2
36 0 1832197 2
36 0 0977006 3
36 0 1704923 2
36 0 1275194 4
36 0 1625850 4
36 0 1248737 2
36 0 1140550 3
36 0 1051303 3
36 0 1721136 2
36 0 1358790 4
36 0 1840363 2
36 0 1357111 2
36 0 0307453 2
36 0 1714486 3
36 0 0019349 1
36 0 0873038 2
36 0 1139836 4
36 0 0961498 1
36 0 1592686 3
36 0 1766742 3
37 0 1344139 4
37 0 1325097 2
37 0 1421844 2
38 0 0211402 3
38 0 0145125 2
38 0 0145913 3
38 0 0145749 2
38 0 0183679 3
38 0 1755291 2
38 0 0010856 3
39 0 0691493 1
39 0 1663456 3
39 0 1786734 2
39 0 1738971 2
39 0 1664649 3
39 0 1681014 3
39 0 1606107 1
39 0 1606210 2
39 0 0688696 3
39 0 1696851 1
39 0 1739774 3
39 0 1670140 3
39 0 1726304 3
39 0 1736560 3
39 0 1606234 2
39 0 1606232 2
39 0 1683941 2
39 0 1318769 3
39 0 1787384 2
39 0 1789718 2
39 0 1786821 3
39 0 1842618 3
39 0 1836827 3
39 0 1790994 2
39 0 1812335 3
39 0 1424810 2
39 0 0689544 3
39 0 1786777 3
39 0 0810378 3
39 0 1173487 3
40 0 0674194 3
40 0 0792138 2
40 0 0738339 2
40 0 0570446 2
40 0 0647771 3
40 0 0159258 2
40 0 0397011 3
40 0 0784794 3
40 0 1686653 2
40 0 0569760 2
40 0 0658089 3
40 0 0391464 1
40 0 0391463 2
40 0 0573305 3
40 0 0195806 3
40 0 0287901 3
41 0 0705890 2
41 0 0705878 3
41 0 0718687 3
41 0 0734705 3
41 0 0698916 4
41 0 0876914 4
41 0 0696133 4
41 0 0710001 2
41 0 0743800 4
41 0 1701111 4
41 0 0702482 4
41 0 0810650 3
41 0 0687246 1
41 0 0891486 2
41 0 0891899 2
41 0 0966123 2
41 0 1103315 2
41 0 1073077 2
41 0 1619301 3
41 0 0846243 4
41 0 0899788 3
41 0 0694290 1
41 0 1590805 2
41 0 0942261 2
41 0 0734741 4
41 0 1506167 2
41 0 0842699 3
41 0 1573581 2
41 0 1069682 2
41 0 0842934 2
41 0 0971870 2
41 0 0718491 3
41 0 0700661 2
41 0 0972254 2
41 0 0747244 3
41 0 0842759 3
41 0 0735886 3
41 0 1385864 3
41 0 0758468 3
41 0 0861353 3
41 0 0851338 3
41 0 0851399 3
41 0 1105245 2
41 0 1045958 2
41 0 1694992 2
41 0 0698737 2
41 0 1715285 3
41 0 1201708 3
41 0 1065000 2
41 0 1303374 2
41 0 1802333 2
41 0 0993235 2
41 0 0772751 2
41 0 1463847 2
41 0 1138563 2
41 0 1337187 2
41 0 0840541 2
41 0 0776437 2
41 0 1201020 2
41 0 0836774 2
41 0 1080014 2
41 0 1748718 2
41 0 0974576 2
41 0 1599350 2
41 0 0727792 4
41 0 0774151 4
41 0 1538985 4
41 0 0743026 4
41 0 0981950 2
41 0 0690922 4
41 0 1529600 3
41 0 0839162 2
41 0 0750460 4
41 0 0745600 3
41 0 0745496 4
41 0 0749093 4
41 0 0735287 4
41 0 0735143 4
41 0 0735142 4
41 0 0735141 4
41 0 0735130 4
42 0 0098779 2
42 0 0460387 2
42 0 0178385 3
42 0 0545089 2
42 0 0811185 3
42 0 0262759 2
42 0 0151495 3
42 0 0855188 3
42 0 0545054 4
42 0 0856362 3
42 0 0782572 3
42 0 1312907 3
42 0 0707984 2
42 0 1317579 1
42 0 1594523 2
42 0 1594527 2
42 0 1026093 3
42 0 0900311 3
42 0 1796137 3
42 0 0790236 3
42 0 1227726 2
42 0 0817857 2
42 0 0411034 3
42 0 0767227 3
42 0 0412450 2
42 0 1135994 4
42 0 1315300 2
42 0 0125604 2
42 0 0277379 3
42 0 0714037 2
43 0 1207681 2
43 0 1609030 2
43 0 1640334 4
43 0 0382930 4
43 0 0404159 4
43 0 0686235 1
43 0 0375666 4
43 0 0365874 2
43 0 0600137 1
43 0 0382903 4
43 0 1323933 3
43 0 0405986 4
43 0 1337053 4
43 0 1335594 4
43 0 1769406 4
43 0 1368384 2
43 0 1393349 2
43 0 1299825 4
43 0 1323438 4
43 0 1393380 4
43 0 1323911 4
43 0 1323020 4
43 0 1283462 4
43 0 1238337 4
43 0 1265808 4
43 0 1294232 4
43 0 1390212 4
43 0 1407951 4
43 0 1341233 4
43 0 1345395 4
43 0 1339129 4
43 0 1356442 4
43 0 1225506 4
43 0 1371584 4
43 0 1320030 4
43 0 1545974 4
43 0 1323466 4
43 0 1328314 4
43 0 1757707 4
43 0 1695247 4
43 0 1775458 4
43 0 1741961 4
43 0 1747120 4
43 0 1767692 4
43 0 1705840 4
43 0 1766494 4
43 0 1756332 1
43 0 1743130 4
43 0 1728145 4
43 0 1840731 4
43 0 1813975 4
43 0 1762284 4
43 0 1767693 4
43 0 1742066 4
43 0 1759844 4
43 0 1762282 4
43 0 1696214 4
43 0 1767768 4
43 0 1763253 4
43 0 1701104 4
43 0 1736684 4
43 0 1738459 4
43 0 1733247 4
43 0 1767661 4
43 0 1743742 4
43 0 1759268 4
43 0 1754434 4
43 0 1762685 4
43 0 1757565 4
43 0 1760981 4
43 0 1755843 4
43 0 1745470 4
43 0 1765942 4
43 0 1752578 4
43 0 1747299 4
43 0 1764348 4
43 0 1750821 4
43 0 1749066 4
43 0 1769370 4
43 0 1731540 4
43 0 1734964 4
43 0 1740235 4
43 0 1767634 4
43 0 1712982 4
44 0 1807855 3
44 0 1807888 3
44 0 1808777 3
44 0 1801558 2
44 0 1814008 3
44 0 1824815 3
44 0 1814010 2
44 0 1799593 2
44 0 1801116 3
44 0 1827512 3
44 0 1803570 1
44 0 1801188 2
45 0 1533265 4
45 0 0361615 4
45 0 0265665 4
45 0 0362055 4
45 0 1305365 4
45 0 0269805 4
45 0 0579478 4
45 0 0038811 4
45 0 0708705 1
45 0 0354275 4
45 0 1834662 3
45 0 1626514 3
45 0 1106120 4
45 0 1805279 3
45 0 0483026 1
45 0 1103893 2
45 0 1798147 2
45 0 1087904 3
45 0 0488742 2
45 0 1540485 1
45 0 1246188 1
45 0 1396740 2
45 0 1661728 2
45 0 1721648 2
45 0 1814987 2
45 0 0614432 2
45 0 1736460 2
45 0 1299797 1
45 0 1494735 1
45 0 0571672 2
45 0 1535105 1
46 0 1107146 4
46 0 0757367 4
46 0 0901500 4
46 0 1200317 2
46 0 1763593 4
46 0 0754397 4
46 0 0607818 4
46 0 1313353 4
46 0 1328044 4
46 0 0718712 4
46 0 0668617 4
46 0 0822149 4
46 0 1009404 4
46 0 0701829 4
46 0 1279520 2
46 0 1279970 3
46 0 1279558 2
46 0 0635858 4
47 0 1095073 4
47 0 1597596 4
47 0 1221074 4
47 0 0867777 4
47 0 0591133 4
47 0 0687328 4
47 0 0285888 3
47 0 0889016 4
47 0 0228446 3
47 0 0169879 2
47 0 0267153 3
47 0 1813448 2
47 0 0315943 3
47 0 0130436 3
47 0 0924798 3
47 0 0630958 2
47 0 0129460 2
47 0 0505725 3
47 0 0353751 3
47 0 1761096 2
47 0 0109433 3
47 0 0130299 3
47 0 0132048 3
47 0 0074598 3
47 0 0796843 2
47 0 0572831 2
47 0 0183049 3
47 0 0127666 2
47 0 0075204 1
47 0 0098117 2
47 0 0576737 1
47 0 0716696 1
47 0 0854313 3
47 0 0301383 3
47 0 1828223 1
47 0 0248769 1
47 0 0506083 2
47 0 1833079 2
47 0 0229407 1
47 0 0075722 2
47 0 0120146 1
47 0 0186902 1
47 0 0075981 2
47 0 0854281 2
47 0 0364307 3
47 0 0228399 3
47 0 1037977 2
47 0 0141051 1
47 0 0506789 2
47 0 0340846 1
47 0 0789079 3
47 0 0079615 1
47 0 0487209 2
47 0 0365037 2
47 0 0079006 1
47 0 0035664 1
47 0 0228477 3
47 0 0352150 3
47 0 0106248 1
47 0 0229721 3
47 0 0074976 4
47 0 0364772 1
47 0 0436374 2
47 0 0482127 2
47 0 0134616 2
47 0 1512289 3
47 0 0207255 2
47 0 0061288 1
47 0 0445456 1
47 0 0131710 1
47 0 0076551 1
47 0 0361484 3
47 0 0435244 3
47 0 1158139 2
47 0 0229205 2
47 0 0134615 2
47 0 0246557 2
47 0 0247496 1
47 0 0167149 2
47 0 0128014 2
47 0 0224435 3
47 0 0363434 3
47 0 1509439 1
47 0 0561044 2
47 0 1237598 1
47 0 0520428 2
47 0 1462774 2
47 0 0351813 1
47 0 0445601 2
47 0 1508254 1
47 0 1417215 2
47 0 0129159 3
47 0 0809186 2
47 0 1617372 2
47 0 0360396 3
47 0 0228187 3
47 0 0360854 3
47 0 1462980 2
47 0 0366114 3
47 0 0168578 2
47 0 0228731 3
47 0 1092447 2
47 0 0792426 2
47 0 0792069 2
47 0 1528909 2
47 0 1430055 1
47 0 1247664 1
47 0 0773545 1
47 0 0186519 3
47 0 0816845 1
47 0 1569497 3
47 0 1832271 2
47 0 0420452 3
47 0 1722380 1
47 0 1302003 2
47 0 0072942 3
47 0 1313545 2
47 0 0352481 2
47 0 0536029 3
47 0 1534235 2
47 0 0524943 2
47 0 0524661 2
47 0 0346199 2
47 0 0534833 1
47 0 0634575 1
47 0 0311482 3
47 0 0087215 1
47 0 1563646 2
47 0 1630266 2
47 0 1822785 2
47 0 1510417 1
47 0 0293707 1
47 0 0344041 3
47 0 0266577 2
47 0 0284331 2
47 0 0226845 2
47 0 0104487 1
47 0 0422175 2
47 0 0197638 3
47 0 0637216 1
47 0 1302500 1
47 0 0295115 1
47 0 1382782 1
48 0 1651936 3
48 0 1697161 2
48 0 1573004 1
48 0 1223777 1
48 0 1773531 3
48 0 1722166 2
48 0 1475759 1
48 0 1324421 3
48 0 0046941 3
48 0 1683219 3
48 0 0691800 1
48 0 1457367 2
48 0 1593680 1
48 0 1717015 1
48 0 1436013 3
48 0 1447912 3
48 0 1433049 3
48 0 1229636 2
48 0 1512074 3
48 0 1773567 2
48 0 0560967 3
49 0 0190585 2
49 0 0387947 2
49 0 1178002 2
49 0 1343848 3
49 0 1128956 2
49 0 0945165 2
49 0 1352224 2
49 0 1352286 2
49 0 0011744 2
49 0 1160108 2
49 0 1828360 3
49 0 0089263 2
49 0 1523859 3
49 0 1443308 3
49 0 0009511 2
49 0 1090295 3
49 0 1395231 1
49 0 1356481 3
49 0 1770434 1
49 0 1002381 1
49 0 0003958 2
49 0 0774093 2
49 0 0060276 2
49 0 0045243 2
49 0 0937004 2
49 0 1159199 2
49 0 1507430 2
49 0 0987456 2
49 0 0987657 2
49 0 1032794 2
49 0 0663754 2
49 0 1575132 2
49 0 0715488 2
49 0 0031556 2
49 0 1167917 2
49 0 1202778 2
49 0 0917424 2
49 0 1658351 2
49 0 0989211 2
49 0 1010669 2
49 0 1698006 1
49 0 1232096 2
49 0 1358708 2
49 0 1391556 2
49 0 0772533 2
49 0 1000480 2
49 0 0726658 2
49 0 1541629 3
49 0 0114800 1
49 0 1292831 2
49 0 1292958 2
49 0 1210109 2
49 0 1543774 2
49 0 1726844 2
49 0 1660234 2
49 0 1674658 2
49 0 1619911 3
49 0 1549846 2
49 0 1537021 2
49 0 0208446 2
49 0 1689592 2
49 0 1479520 2
49 0 1692456 2
49 0 1705177 2
49 0 1822905 2
49 0 1395399 2
49 0 1182196 2
49 0 1836280 2
49 0 1606644 2
49 0 1606651 2
49 0 1403168 2
49 0 1084912 2
49 0 1805414 2
49 0 1806926 2
49 0 1808530 2
49 0 0702102 3
49 0 1616569 2
49 0 0202358 2
49 0 0934032 2
49 0 0888880 2
49 0 1393582 3
49 0 0615272 2
49 0 1449260 3
49 0 0653666 3
49 0 1407502 2
49 0 1564271 2
49 0 0593157 3
49 0 0588558 3
49 0 1343777 2
49 0 0397695 3
49 0 0813202 3
49 0 1074064 2
49 0 0788637 3
49 0 1493290 2
49 0 1060395 2
49 0 1067365 2
49 0 0276808 2
49 0 1387781 2
49 0 0969690 2
49 0 0384508 2
49 0 0991931 2
49 0 1483594 3
49 0 0064572 2
49 0 1246671 2
49 0 0600929 2
49 0 0935425 2
49 0 0021491 2
49 0 0975242 2
49 0 1425694 2
49 0 1292735 1
49 0 0132998 2
49 0 1010817 1
49 0 0923594 2
49 0 1164220 1
49 0 1585408 2
49 0 1090361 1
49 0 1416241 1
49 0 0834037 1
49 0 0889139 2
49 0 1640477 2
49 0 1306545 2
49 0 0652583 2
49 0 0809939 2
49 0 1791775 2
49 0 1575541 2
50 0 0654825 1
50 0 1399572 2
50 0 0817126 1
50 0 0622697 2
50 0 1749135 2
50 0 1154006 2
50 0 1090011 2
50 0 1743812 2
50 0 1770428 2
50 0 1782197 2
50 0 1817406 3
50 0 1825874 3
50 0 1401374 2
50 0 0367237 1
50 0 1587774 4
50 0 1819185 3
50 0 1744443 1
50 0 1829056 3
50 0 1158954 4
50 0 1452879 3
50 0 1740302 3
50 0 1237600 1
50 0 1730739 2
50 0 1218480 3
50 0 1357017 2
50 0 0251797 2
50 0 1756538 2
50 0 1763771 2
50 0 1584857 1
50 0 1747102 3
50 0 0060625 3
50 0 1728409 2
50 0 0323970 1
50 0 1771236 2
50 0 1089954 4
50 0 1447000 4
50 0 1847742 1
50 0 1847462 2
50 0 1712246 3
50 0 1823174 2
50 0 1630992 2
50 0 1625908 2
50 0 1819268 2
50 0 1824143 2
50 0 1746677 2
51 0 1783276 2
51 0 1775816 4
51 0 1718269 3
51 0 1724162 4
51 0 1701311 2
51 0 1834929 1
51 0 1818307 1
51 0 1780634 2
51 0 1704548 1
51 0 1704526 1
51 0 1704322 2
51 0 1703923 1
51 0 1746498 2
51 0 1700386 3
51 0 1765362 2
51 0 1753910 1
51 0 1698445 4
51 0 1698161 4
51 0 1697471 2
51 0 1697411 2
51 0 1701496 1
51 0 1704313 2
51 0 1704612 2
51 0 1698646 2
51 0 1701595 2
51 0 1701577 3
51 0 1709277 3
51 0 1700850 2
51 0 1704287 3
51 0 1698594 2
51 0 1704534 2
51 0 1725333 3
51 0 1706942 4
51 0 1707133 3
51 0 1740905 2
51 0 1761362 2
51 0 1739671 2
51 0 1726100 2
51 0 1706261 2
51 0 1699078 2
51 0 1714988 2
51 0 1719177 2
51 0 1725053 2
51 0 1700626 1
51 0 1757213 2
51 0 1752206 1
51 0 1747403 2
51 0 1754225 1
51 0 1736792 2
51 0 1702684 2
51 0 1745336 2
51 0 1705553 3
51 0 1743665 2
51 0 1699039 2
51 0 1741357 2
51 0 1700659 2
51 0 1700437 3
51 0 1714859 2
51 0 1714714 2
51 0 1702021 2
51 0 1705214 1
51 0 1836192 2
51 0 1698823 2
51 0 1808098 1
51 0 1817598 2
51 0 1701326 2
51 0 1703692 2
51 0 1823185 3
51 0 1727068 2
51 0 1699080 4
51 0 1851053 2
51 0 1851050 2
51 0 1698888 3
51 0 1698852 3
51 0 1701762 2
51 0 1714315 2
51 0 1699219 2
51 0 1699220 2
51 0 1700014 2
51 0 1699087 3
51 0 1698874 2
51 0 1699040 2
51 0 1699955 2
51 0 1743846 1
51 0 1705836 2
51 0 1701984 2
51 0 1700438 2
51 0 1701977 2
51 0 1723629 2
51 0 1703506 2
52 0 1840106 3
52 0 1619808 3
52 0 1696275 3
52 0 1283954 3
52 0 1603318 2
52 0 1448738 2
52 0 0288129 2
52 0 0360829 3
52 0 1534858 2
52 0 1625390 1
52 0 1288114 1
52 0 1816249 4
52 0 1708348 3
52 0 0544084 4
52 0 1681007 2
52 0 1446861 2
52 0 0855484 2
52 0 1288158 1
52 0 1843166 1
52 0 0930230 2
52 0 1290266 2
52 0 0350985 2
52 0 1749700 2
52 0 0232664 2
52 0 1692502 2
52 0 0950829 2
52 0 1832171 2
52 0 1389618 3
52 0 1754866 2
52 0 0867103 4
52 0 1313103 3
52 0 0725619 3
52 0 1265360 2
52 0 0434884 3
52 0 1821929 2
52 0 1821987 2
52 0 1821962 2
52 0 1821950 2
52 0 1843924 3
52 0 1260080 3
52 0 1238767 2
52 0 0979785 2
53 0 0357452 4
53 0 0558641 2
53 0 0239323 3
53 0 1456310 3
53 0 0743459 2
53 0 0437815 4
53 0 0462329 1
53 0 1394028 2
53 0 0561745 2
53 0 0284872 3
53 0 0225762 4
53 0 0087496 2
53 0 1712233 2
53 0 0832447 2
53 0 0724695 3
53 0 0184932 2
53 0 1014183 1
53 0 0426263 3
53 0 0093616 3
53 0 0423593 3
53 0 0942557 1
53 0 0478242 2
53 0 0493483 2
53 0 0015690 2
53 0 0648447 4
53 0 0015002 3
53 0 0021105 3
53 0 1819057 2
53 0 0026002 2
53 0 0628472 3
53 0 0465354 2
53 0 0064882 1
53 0 0926489 2
53 0 1534230 2
53 0 1401503 1
53 0 0815720 3
53 0 1819090 2
53 0 0652975 2
53 0 1215770 4
53 0 1752643 3
53 0 0901627 3
53 0 1365192 3
53 0 1122807 3
53 0 1658953 2
53 0 1460900 2
53 0 1748454 2
53 0 1494211 1
53 0 1352345 4
53 0 1006230 1
53 0 1667591 1
53 0 0497381 2
53 0 1222705 1
53 0 0517053 2
53 0 1801090 2
53 0 1058079 1
53 0 0578309 2
53 0 0569524 3
53 0 0931174 1
53 0 0071543 2
53 0 0463389 2
53 0 0053353 3
53 0 0350281 2
53 0 1352347 2
53 0 1276289 3
53 0 1203460 1
53 0 0702337 2
53 0 0021383 2
53 0 1731366 2
53 0 1163188 2
53 0 1245264 2
53 0 0843087 1
53 0 1473261 2
53 0 1484711 3
53 0 0937867 2
53 0 1819202 2
53 0 0648736 2
54 0 0892876 3
54 0 0283422 1
54 0 0674567 2
54 0 0572906 3
54 0 0164712 2
54 0 1593517 4
54 0 0831114 2
54 0 0114134 3
54 0 0005888 2
54 0 1167746 3
54 0 1167777 3
54 0 1277502 3
54 0 0448996 2
54 0 0668683 2
54 0 0965719 2
54 0 0352116 1
54 0 1399575 2
54 0 0854661 2
54 0 0617544 2
54 0 0475817 2
54 0 1788052 3
54 0 0165076 2
54 0 0123212 2
54 0 0183363 2
54 0 0600574 2
54 0 0167034 1
54 0 0912246 2
54 0 0059167 2
54 0 0676626 3
54 0 0623125 3
54 0 0033646 3
54 0 0904490 2
54 0 0904489 2
54 0 0904488 2
54 0 1389429 2
54 0 1089686 2
54 0 1611252 2
54 0 0375438 2
54 0 0208517 2
54 0 0413877 2
54 0 1046901 2
54 0 0865269 2
54 0 0179705 2
54 0 0000055 2
54 0 0037996 2
54 0 1172971 2
54 0 1525308 1
54 0 0063083 2
54 0 0185402 2
54 0 0433615 3
54 0 0389347 2
54 0 0182062 2
54 0 0024677 2
54 0 0181454 2
54 0 0135070 2
54 0 0406399 3
54 0 0095011 4
54 0 0185838 2
54 0 0027202 2
54 0 0229412 2
54 0 0322888 3
54 0 1010806 3
54 0 1368365 2
54 0 0463902 4
54 0 0143342 3
54 0 1263188 3
54 0 0214089 2
54 0 0768826 2
54 0 0226855 2
54 0 1010833 4
54 0 0997266 4
54 0 0077904 4
54 0 0023909 2
54 0 0238379 4
54 0 1199313 3
54 0 1246525 2
54 0 1748443 2
54 0 0242278 3
54 0 0179143 2
54 0 1532590 2
54 0 0928503 2
54 0 1772934 2
55 0 1441806 2
55 0 1649027 2
55 0 1455986 2
55 0 1483740 1
55 0 0497483 1
55 0 0488575 2
55 0 1485270 1
55 0 1435019 2
55 0 1453112 2
55 0 1822595 1
55 0 1650099 1
55 0 1465764 2
55 0 1464564 2
55 0 1439574 2
55 0 1452391 2
55 0 1433646 2
55 0 1462426 2
55 0 1486476 2
55 0 1501322 2
55 0 1632650 3
55 0 1091747 2
55 0 1670497 2
55 0 1785407 2
55 0 1303234 2
55 0 1444717 2
55 0 1696932 2
55 0 1696938 2
55 0 1672064 1
55 0 1452842 2
55 0 1541462 2
55 0 1432895 2
55 0 1506008 2
55 0 0661021 2
55 0 1602682 2
55 0 1602648 2
55 0 0696581 1
55 0 0696553 1
55 0 0706284 2
55 0 0589618 2
55 0 0654358 2
55 0 1826174 1
55 0 0695133 2
55 0 1448404 1
55 0 1448425 1
55 0 0595604 2
55 0 1797531 2
55 0 0599513 1
55 0 0599423 1
55 0 0660105 2
55 0 1504833 1
55 0 1487151 1
55 0 1566387 2
55 0 1468735 1
55 0 0691133 1
55 0 0692732 1
55 0 0693186 1
55 0 1451116 2
55 0 1703530 3
55 0 0482372 2
55 0 1458700 2
55 0 1813748 2
55 0 0660270 2
55 0 1437484 2
55 0 1437481 2
55 0 1531471 2
55 0 0451324 2
55 0 1437762 2
55 0 0622652 2
55 0 1469376 1
55 0 1469397 1
55 0 1825776 2
55 0 0792149 1
55 0 1664093 1
55 0 0718810 2
55 0 0653737 2
55 0 0645749 1
55 0 0767664 2
55 0 0719528 2
55 0 1031941 2
55 0 0768078 2
55 0 0768068 2
55 0 0747685 1
55 0 0504727 1
55 0 0768628 1
55 0 0496674 1
55 0 0675762 2
55 0 0726817 1
55 0 1711340 2
55 0 0695569 2
55 0 1796392 2
55 0 0589221 2
55 0 1432663 3
55 0 1458110 2
55 0 1573811 1
55 0 1504709 2
55 0 1671904 1
55 0 0587242 2
55 0 1549897 1
55 0 0658196 2
55 0 1495737 2
55 0 1451956 1
55 0 0924811 1
55 0 1462705 2
55 0 0495193 1
55 0 0437920 2
55 0 1519168 1
55 0 0536261 2
55 0 1794724 2
55 0 1796203 2
55 0 1527170 3
55 0 1464270 3
55 0 1451318 2
55 0 1451797 2
55 0 0526629 1
55 0 0533571 3
55 0 1665922 2
55 0 1482065 1
55 0 0678319 1
55 0 0689983 2
55 0 0687477 2
55 0 0294332 2
55 0 1448162 2
55 0 1468285 2
55 0 1797858 2
55 0 0688384 1
55 0 1797453 2
55 0 1039779 2
55 0 0663971 1
55 0 0600870 2
55 0 1460954 2
55 0 1451297 2
55 0 0682171 1
55 0 0520343 1
55 0 1453150 2
55 0 1455371 2
55 0 1016671 2
55 0 0684320 2
55 0 0756772 1
55 0 0756716 1
55 0 1801392 2
55 0 0646579 1
55 0 0614759 2
55 0 1067683 2
55 0 1432579 2
55 0 1455527 2
55 0 1840640 1
55 0 1703705 1
55 0 1455546 2
55 0 0595479 4
55 0 0595503 2
55 0 1455545 2
55 0 0595605 1
56 0 0721243 3
56 0 0904198 2
56 0 1234786 1
56 0 0543553 3
56 0 0908560 3
56 0 0936305 1
56 0 0650133 2
56 0 1238360 2
56 0 1013516 2
56 0 0640835 1
56 0 0543010 1
56 0 1426521 2
56 0 0688979 1
56 0 0542899 2
56 0 0540118 2
56 0 0717216 1
56 0 0717225 1
56 0 1426514 1
56 0 0192109 3
56 0 0364616 1
56 0 0192644 2
56 0 0192240 1
56 0 0372550 2
56 0 0192345 2
56 0 0936648 1
56 0 1122238 1
56 0 0865989 3
56 0 0687949 3
56 0 0561450 2
56 0 0562276 2
56 0 1751112 2
56 0 1760816 2
56 0 1747585 2
56 0 1688630 3
56 0 1627783 2
56 0 1628350 1
56 0 1719726 2
56 0 1761067 2
56 0 1738756 2
56 0 1522057 2
56 0 1691824 1
56 0 0888100 2
56 0 0941060 2
56 0 0726704 2
56 0 0443373 2
56 0 0443372 2
56 0 0443013 2
56 0 0591118 1
56 0 0541252 2
56 0 1248824 2
56 0 0502699 1
56 0 0502698 1
56 0 0599507 1
56 0 1417825 2
56 0 0687840 2
56 0 1235211 1
56 0 0583667 1
56 0 1206139 1
56 0 1236258 2
56 0 1027299 2
56 0 0876784 1
56 0 0785920 2
56 0 1107437 2
56 0 1235306 2
56 0 1467746 2
56 0 1244666 1
56 0 1543881 2
56 0 1542482 2
56 0 0865653 2
56 0 0878174 1
56 0 1234660 2
56 0 0592991 2
56 0 1206741 2
56 0 1205751 2
56 0 0603831 2
56 0 0866205 2
56 0 1234397 2
56 0 0878993 3
56 0 0866617 2
56 0 0402523 1
56 0 0888444 2
56 0 1027246 2
56 0 0865883 2
56 0 0865899 2
57 0 0372655 2
57 0 0372543 2
57 0 0372801 2
57 0 0372650 2
57 0 1853328 2
57 0 0372864 2
57 0 0372121 3
57 0 0373209 2
57 0 1357793 2
57 0 0430676 3
58 0 1145450 2
58 0 1193045 2
58 0 0491363 2
58 0 0071051 2
58 0 0328601 2
58 0 1239441 2
58 0 1156073 3
58 0 0444052 1
58 0 0668358 2
58 0 0019023 2
58 0 1157929 2
58 0 0279439 1
58 0 0591993 2
58 0 1046261 3
58 0 1675931 2
58 0 0666707 2
58 0 0070166 2
58 0 0531266 1
58 0 0531265 1
58 0 1320122 2
58 0 0895621 1
58 0 0390057 2
58 0 1666204 1
58 0 1031303 1
58 0 0887402 1
58 0 0848453 1
58 0 1581905 2
58 0 0104861 2
58 0 0104860 2
58 0 1225739 3
58 0 1507701 1
58 0 1634235 1
58 0 0272725 1
58 0 1853604 2
58 0 1845416 1
58 0 1163726 1
58 0 0699084 1
58 0 0393730 1
58 0 0725843 1
58 0 1207948 1
58 0 0025600 1
58 0 1389514 1
58 0 1528303 1
58 0 0002773 1
58 0 0002656 1
58 0 0002771 1
58 0 0002772 1
58 0 1136593 1
58 0 0490040 1
58 0 0805023 1
58 0 0804939 1
58 0 0804564 1
58 0 1347727 1
58 0 0437823 2
58 0 0901192 1
58 0 0901191 1
58 0 0901193 1
58 0 1235076 1
58 0 1311279 1
58 0 0236378 2
58 0 1004711 1
58 0 1773209 1
58 0 1473494 1
58 0 1176082 1
58 0 1232553 1
58 0 1197492 1
58 0 1529137 2
58 0 1140670 1
58 0 1649518 1
58 0 1825365 1
58 0 1137220 1
58 0 1345732 1
58 0 0985135 1
58 0 1335516 1
58 0 1153089 1
58 0 0218645 1
58 0 1408815 1
58 0 0774097 2
58 0 0251417 1
58 0 0964273 1
58 0 0970639 1
58 0 0195515 2
58 0 1001686 1
58 0 0822820 1
58 0 0257854 1
58 0 0605876 1
58 0 0224579 1
58 0 1380896 1
58 0 1483151 1
58 0 0483451 2
58 0 1192134 1
58 0 0377904 1
58 0 1282969 1
58 0 1236963 1
58 0 1672556 1
58 0 1036081 1
58 0 0937011 1
58 0 0727847 1
58 0 1210063 1
58 0 0709770 1
58 0 1285648 1
58 0 1280458 1
58 0 1776279 1
58 0 0314603 1
58 0 1491754 1
58 0 1100144 1
58 0 0704731 1
58 0 0676896 1
58 0 1628851 1
58 0 1343995 1
58 0 1818740 1
58 0 0861552 1
58 0 0861398 1
58 0 1271082 1
58 0 0807036 1
58 0 0922782 1
58 0 1548108 1
58 0 0510770 1
58 0 1184963 1
58 0 1835438 1
58 0 1086694 1
58 0 1075888 1
58 0 1663727 1
58 0 1790578 1
58 0 1355283 1
58 0 0754245 2
58 0 1397196 1
58 0 1715127 1
58 0 1647207 1
58 0 1217102 1
58 0 1788861 1
58 0 1283955 1
58 0 1592537 1
58 0 0901402 1
58 0 1516147 1
58 0 1042540 1
58 0 1728977 1
58 0 0432224 1
58 0 0660875 1
58 0 0978555 1
58 0 1827699 1
58 0 1053000 1
58 0 0104911 1
58 0 0208440 2
58 0 1681607 1
58 0 1048118 2
58 0 1747789 2
58 0 1225517 1
58 0 1351694 1
58 0 0685495 1
58 0 0186414 1
58 0 0303952 2
58 0 0526195 2
58 0 1685304 1
58 0 1372164 1
58 0 1541207 1
58 0 0108485 1
58 0 1853541 2
58 0 0379375 1
58 0 1693670 1
58 0 1471466 2
58 0 0507360 2
58 0 0109563 1
58 0 1488023 2
58 0 1311973 2
58 0 1102663 1
58 0 0929224 1
58 0 1210265 3
58 0 0272852 3
58 0 1194693 2
58 0 0014864 3
58 0 0818592 2
58 0 0834953 3
59 0 0307660 2
59 0 0604703 2
59 0 0794218 3
59 0 0794030 2
59 0 0793862 2
59 0 0853529 3
59 0 1108674 3
59 0 0309493 2
59 0 0307155 3
59 0 0793579 2
59 0 0792179 2
59 0 0309018 2
59 0 0307420 2
59 0 0304772 2
59 0 1105290 3
59 0 1108900 2
60 0 0896459 2
60 0 0897334 2
60 0 0817654 2
60 0 0924860 3
60 0 0896512 2
60 0 0373365 1
60 0 0824724 1
60 0 0925931 2
60 0 0924905 2
60 0 0394143 2
60 0 0519876 3
60 0 0897132 2
60 0 0899540 1
60 0 0896772 2
60 0 0415047 2
60 0 0425919 1
60 0 0322142 2
60 0 0925896 3
60 0 0899307 2
60 0 0898348 1
60 0 0900104 2
60 0 0902200 3
60 0 0388280 2
60 0 0544933 2
60 0 0901338 3
60 0 0898526 3
60 0 0926148 3
60 0 0426437 2
60 0 0821361 2
60 0 0821515 2
60 0 1497892 3
60 0 0898843 2
60 0 0897580 3
60 0 0896695 2
60 0 0103422 2
60 0 0813500 2
60 0 0248456 2
60 0 0249572 2
60 0 0898425 2
60 0 0926303 2
60 0 0315593 3
60 0 0491288 3
60 0 0897198 2
60 0 0091775 3
60 0 0925505 3
60 0 1515466 2
60 0 0068436 2
60 0 0217682 2
60 0 0900465 1
60 0 0600400 2
60 0 0599985 2
60 0 1260699 2
60 0 0258003 2
60 0 0091389 2
60 0 0624675 2
60 0 0220504 2
60 0 0896637 1
60 0 0822687 2
60 0 0894531 1
60 0 0855237 2
60 0 0900321 2
60 0 0556380 2
60 0 0455515 1
60 0 0898422 2
60 0 1369298 2
60 0 0827808 2
60 0 0094390 2
60 0 0372051 3
60 0 0376317 2
60 0 0570758 2
60 0 0331910 2
60 0 0820465 2
60 0 1143381 2
60 0 0210269 2
60 0 0646395 2
60 0 1358381 2
60 0 0729733 3
60 0 1029907 2
60 0 0740602 3
60 0 0182299 2
60 0 0320980 2
60 0 0963690 2
